M step
start 0: LL = -13689.9204368
log-likelihood: -13689.9204368
ratio of correctly discovered symbols: 0.887067395264
[[  1.00000000e+000   7.42085403e-165   5.43472210e-323   7.06876685e-261]
 [  8.58349018e-115   1.00000000e+000   0.00000000e+000   0.00000000e+000]
 [  1.18688655e-018   2.77872237e-091   1.00000000e+000   9.51849707e-085]
 [  5.86513862e-033   2.22396907e-196   2.10335895e-146   1.00000000e+000]]
M step
start 0: LL = -11619.4208037
log-likelihood: -11619.4208037
ratio of correctly discovered symbols: 0.983606557377
[[  1.00000000e+000   0.00000000e+000   0.00000000e+000   2.15996174e-263]
 [  1.12400900e-168   1.00000000e+000   0.00000000e+000   0.00000000e+000]
 [  8.90986482e-021   3.05494768e-216   1.00000000e+000   1.92468888e-053]
 [  2.69690686e-137   0.00000000e+000   6.56441414e-226   1.00000000e+000]]
M step
start 0: LL = -12056.7723629
log-likelihood: -12056.7723629
ratio of correctly discovered symbols: 0.901032179721
[[  1.00000000e+000   1.50127513e-316   0.00000000e+000   2.34978930e-226]
 [  3.50644606e-169   1.00000000e+000   0.00000000e+000   1.76305727e-312]
 [  6.89464890e-014   6.01017840e-229   1.00000000e+000   1.62808930e-037]
 [  1.18110085e-131   0.00000000e+000   5.91045140e-193   1.00000000e+000]]
M step
start 0: LL = -11473.4672988
log-likelihood: -11473.4672988
ratio of correctly discovered symbols: 1.0
[[  1.00000000e+000   0.00000000e+000   0.00000000e+000   4.07892124e-264]
 [  4.17614068e-177   1.00000000e+000   0.00000000e+000   0.00000000e+000]
 [  1.95514453e-033   7.00793159e-230   1.00000000e+000   2.14021745e-067]
 [  1.41099519e-143   0.00000000e+000   2.62554990e-220   1.00000000e+000]]
M step
